000048
000663
000713
000735
000798
000998
001201
002041
002069
002086
002124
002157
002234
002299
002321
002458
002679
002714
002772
002982
200992
300087
300189
300313
300498
300511
300761
300967
300970
300972
600097
600108
600257
600354
600359
600371
600467
600540
600598
600975
601118
603477
603717
605296
831087
832786
837403
000426
000506
000552
000571
000603
000655
000688
000758
000762
000923
000937
000968
000975
000983
001203
001337
002128
002155
002176
002192
002207
002554
002629
002683
002828
002978
300084
300139
300164
300191
300483
600028
600121
600123
600188
600256
600259
600301
600338
600348
600382
600395
600403
600489
600508
600546
600547
600583
600711
600758
600759
600777
600871
600925
600938
600968
600971
600985
600988
601001
601020
601028
601069
601088
601101
601121
601168
601225
601666
601699
601808
601857
601898
601899
601918
601958
601969
603132
603505
603619
603727
603979
603993
605086
900948
920019
920088
000008
000012
000016
000017
000020
000021
000030
000039
000045
000049
000050
000055
000059
000060
000063
000066
000070
000100
000153
000157
000301
000333
000338
000400
000401
000403
000404
000408
000410
000420
000422
000423
000425
000488
000505
000509
000510
000513
000518
000519
000521
000523
000525
000528
000529
000530
000533
000534
000536
000538
000541
000545
000546
000547
000550
000551
000553
000559
000561
000565
000566
000568
000570
000572
000576
000581
000584
000586
000589
000590
000592
000595
000596
000597
000599
000612
000619
000623
000625
000629
000630
000633
000635
000636
000637
000639
000650
000651
000657
000659
000661
000672
000677
000678
000680
000683
000691
000695
000697
000698
000700
000702
000703
000707
000708
000709
000716
000717
000723
000725
000726
000727
000729
000731
000733
000737
000738
000739
000751
000752
000756
000761
000766
000768
000777
000778
000782
000786
000788
000789
000790
000792
000795
000799
000800
000801
000807
000810
000811
000812
000813
000815
000816
000818
000819
000821
000822
000823
000825
000830
000831
000837
000848
000850
000852
000856
000858
000859
000860
000868
000869
000876
000877
000878
000880
000881
000887
000890
000893
000895
000898
000901
000902
000903
000908
000910
000911
000912
000913
000915
000919
000920
000921
000922
000925
000929
000930
000931
000932
000933
000935
000936
000938
000949
000951
000952
000953
000955
000957
000959
000960
000962
000967
000969
000970
000972
000973
000977
000980
000981
000985
000988
000989
000990
000995
000999
001206
001207
001208
001209
001211
001212
001215
001216
001217
001218
001219
001222
001223
001225
001226
001229
001231
001234
001238
001239
001255
001256
001259
001260
001266
001268
001269
001270
001277
001278
001279
001282
001283
001288
001296
001300
001301
001306
001308
001309
001311
001313
001314
001318
001319
001322
001323
001324
001326
001328
001332
001333
001336
001338
001339
001356
001358
001359
001360
001366
001367
001368
001373
001378
001379
001380
001387
001389
001395
001696
002001
002003
002004
002005
002006
002007
002008
002009
002011
002012
002014
002017
002019
002020
002021
002022
002023
002025
002026
002028
002029
002030
002031
002032
002035
002036
002037
002038
002042
002043
002045
002046
002048
002049
002050
002052
002053
002054
002055
002056
002057
002058
002064
002066
002067
002068
002073
002074
002075
002076
002077
002078
002079
002080
002082
002083
002084
002085
002088
002090
002092
002094
002096
002097
002098
002099
002100
002101
002102
002103
002104
002105
002106
002107
002108
002109
002110
002111
002112
002114
002117
002119
002121
002122
002125
002126
002129
002130
002132
002134
002135
002136
002137
002138
002139
002141
002144
002145
002149
002150
002151
002152
002154
002156
002158
002160
002161
002162
002164
002165
002166
002167
002168
002169
002170
002171
002175
002177
002179
002180
002182
002184
002185
002189
002190
002191
002193
002194
002196
002198
002199
002201
002202
002203
002204
002205
002206
002209
002211
002213
002214
002215
002216
002217
002218
002222
002223
002224
002225
002226
002227
002228
002229
002231
002233
002235
002236
002237
002239
002240
002241
002242
002243
002245
002246
002247
002248
002249
002250
002252
002254
002255
002258
002262
002263
002265
002269
002270
002271
002272
002273
002274
002275
002276
002278
002281
002282
002283
002284
002286
002287
002289
002290
002292
002293
002294
002295
002296
002297
002298
002300
002301
002302
002303
002304
002309
002311
002312
002313
002317
002318
002319
002324
002326
002327
002328
002329
002330
002332
002333
002334
002335
002337
002338
002339
002340
002342
002345
002346
002347
002348
002349
002350
002351
002353
002355
002358
002360
002361
002362
002363
002364
002365
002366
002367
002369
002370
002371
002372
002374
002376
002377
002378
002379
002381
002382
002383
002384
002385
002386
002387
002388
002389
002391
002392
002393
002394
002395
002396
002397
002398
002399
002402
002403
002404
002406
002407
002408
002409
002412
002413
002414
002415
002418
002420
002422
002424
002426
002427
002428
002429
002430
002432
002434
002436
002437
002438
002440
002442
002443
002444
002445
002446
002448
002449
002451
002452
002453
002454
002455
002456
002457
002459
002460
002461
002463
002465
002466
002469
002470
002471
002472
002475
002476
002478
002480
002481
002483
002484
002486
002487
002488
002489
002490
002491
002493
002494
002495
002496
002497
002498
002501
002506
002507
002508
002510
002511
002512
002513
002514
002515
002516
002518
002519
002520
002521
002522
002523
002526
002527
002528
002529
002530
002531
002532
002533
002534
002535
002536
002537
002538
002539
002540
002541
002543
002545
002546
002547
002548
002550
002551
002552
002553
002557
002559
002560
002562
002563
002564
002565
002566
002567
002568
002569
002570
002571
002572
002574
002576
002577
002578
002579
002580
002581
002582
002583
002584
002585
002587
002588
002590
002591
002592
002593
002594
002595
002596
002597
002598
002599
002600
002601
002603
002606
002611
002612
002613
002614
002615
002617
002623
002625
002626
002630
002631
002632
002633
002634
002635
002636
002637
002638
002639
002641
002643
002644
002645
002646
002648
002650
002651
002652
002653
002655
002656
002658
002660
002661
002662
002664
002666
002667
002668
002669
002671
002672
002674
002675
002676
002677
002678
002681
002685
002686
002687
002688
002689
002690
002691
002692
002693
002694
002695
002696
002698
002701
002702
002703
002705
002706
002708
002709
002715
002716
002718
002719
002721
002722
002723
002724
002725
002726
002728
002729
002730
002731
002732
002733
002734
002735
002737
002738
002741
002742
002743
002745
002746
002747
002748
002749
002750
002752
002753
002755
002756
002757
002759
002760
002762
002763
002765
002766
002767
002768
002773
002774
002778
002779
002782
002783
002785
002786
002787
002790
002791
002792
002793
002795
002796
002798
002799
002801
002802
002805
002806
002808
002809
002810
002812
002813
002815
002816
002817
002820
002821
002823
002824
002825
002826
002827
002829
002831
002832
002833
002835
002836
002837
002838
002840
002841
002842
002843
002845
002846
002847
002848
002849
002850
002851
002852
002853
002855
002857
002859
002860
002861
002862
002863
002864
002865
002866
002868
002869
002870
002871
002872
002873
002875
002876
002877
002879
002880
002881
002882
002884
002885
002886
002888
002890
002891
002892
002895
002896
002897
002898
002899
002900
002901
002902
002903
002906
002907
002909
002910
002913
002915
002916
002917
002918
002919
002920
002921
002922
002923
002925
002927
002931
002932
002933
002935
002937
002938
002940
002942
002943
002946
002947
002950
002951
002952
002953
002955
002956
002957
002959
002960
002962
002965
002969
002971
002972
002975
002976
002977
002979
002980
002981
002983
002984
002985
002986
002988
002991
002992
002993
002996
002997
002998
003000
003002
003003
003006
003009
003011
003012
003015
003016
003017
003018
003019
003020
003021
003022
003023
003025
003026
003028
003030
003031
003033
003036
003037
003038
003040
003041
003042
003043
200012
200016
200017
200020
200030
200045
200055
200468
200488
200505
200512
200521
200530
200541
200550
200553
200570
200581
200596
200625
200706
200725
200726
200761
200771
200869
300001
300003
300004
300005
300006
300008
300009
300011
300014
300016
300018
300019
300024
300026
300030
300032
300034
300035
300037
300039
300041
300042
300045
300046
300048
300049
300053
300054
300055
300056
300057
300062
300065
300066
300067
300068
300069
300072
300073
300076
300077
300078
300079
300080
300082
300083
300086
300088
300091
300092
300093
300094
300095
300097
300099
300100
300102
300103
300105
300106
300107
300108
300109
300110
300111
300112
300114
300115
300118
300119
300120
300121
300122
300123
300124
300125
300126
300127
300128
300129
300130
300132
300134
300135
300136
300137
300138
300140
300141
300142
300145
300146
300147
300151
300152
300153
300154
300155
300157
300158
300159
300160
300161
300162
300163
300165
300169
300171
300173
300174
300175
300176
300177
300179
300180
300181
300183
300185
300193
300194
300195
300196
300198
300199
300200
300201
300203
300204
300205
300206
300207
300210
300211
300213
300214
300217
300218
300219
300220
300221
300222
300223
300224
300225
300227
300228
300230
300232
300233
300234
300236
300237
300238
300239
300241
300243
300246
300247
300252
300254
300255
300256
300257
300258
300259
300260
300261
300263
300265
300267
300268
300269
300270
300272
300274
300276
300278
300279
300281
300283
300285
300286
300289
300293
300294
300296
300298
300301
300303
300304
300305
300306
300307
300308
300314
300316
300317
300318
300319
300320
300321
300322
300323
300326
300327
300328
300329
300331
300334
300337
300340
300341
300342
300343
300345
300346
300351
300353
300354
300357
300358
300360
300363
300370
300371
300373
300374
300375
300376
300381
300382
300385
300387
300389
300390
300391
300393
300394
300395
300396
300397
300398
300400
300401
300402
300403
300405
300406
300407
300408
300409
300410
300411
300412
300414
300415
300417
300420
300421
300423
300424
300425
300427
300428
300429
300430
300432
300433
300434
300436
300437
300438
300439
300441
300443
300444
300445
300446
300447
300449
300450
300452
300453
300455
300456
300457
300458
300460
300461
300462
300463
300466
300470
300471
300472
300473
300474
300476
300477
300478
300479
300480
300481
300482
300484
300485
300486
300487
300488
300489
300490
300491
300497
300499
300501
300502
300503
300504
300505
300507
300508
300509
300510
300512
300514
300515
300516
300519
300521
300522
300527
300529
300530
300531
300534
300535
300537
300539
300540
300543
300545
300546
300547
300548
300549
300551
300552
300553
300554
300555
300557
300558
300562
300563
300565
300566
300567
300568
300569
300570
300571
300572
300573
300575
300576
300577
300580
300581
300582
300583
300584
300585
300586
300587
300589
300590
300591
300593
300594
300595
300596
300599
300600
300601
300602
300604
300606
300607
300610
300611
300615
300616
300617
300618
300619
300620
300623
300625
300626
300627
300628
300629
300630
300631
300632
300633
300636
300637
300638
300639
300640
300641
300642
300643
300644
300647
300648
300651
300652
300653
300655
300656
300657
300658
300660
300661
300665
300666
300667
300669
300670
300672
300673
300677
300679
300680
300681
300683
300684
300685
300686
300689
300690
300691
300693
300694
300695
300696
300697
300698
300699
300700
300701
300702
300703
300705
300706
300707
300708
300709
300710
300711
300713
300715
300716
300717
300718
300719
300720
300721
300722
300723
300724
300726
300727
300729
300731
300733
300735
300737
300739
300740
300741
300743
300745
300747
300748
300749
300750
300751
300752
300753
300756
300757
300758
300760
300762
300763
300765
300767
300769
300771
300772
300775
300776
300777
300779
300780
300782
300784
300786
300787
300790
300791
300793
300796
300798
300800
300801
300802
300804
300806
300807
300808
300809
300811
300812
300813
300814
300817
300818
300819
300820
300821
300822
300823
300824
300827
300828
300829
300831
300832
300833
300834
300835
300836
300837
300838
300839
300840
300841
300842
300843
300847
300848
300849
300850
300852
300853
300855
300856
300857
300858
300861
300862
300863
300865
300866
300868
300869
300870
300871
300875
300876
300877
300878
300879
300880
300881
300882
300883
300884
300885
300886
300888
300889
300890
300891
300893
300894
300896
300897
300898
300900
300902
300903
300904
300905
300906
300907
300908
300909
300910
300911
300913
300915
300916
300918
300919
300920
300922
300923
300926
300927
300930
300931
300932
300933
300936
300939
300940
300942
300943
300946
300950
300951
300952
300953
300955
300956
300957
300960
300962
300963
300964
300965
300966
300968
300969
300971
300973
300976
300978
300979
300980
300981
300984
300985
300986
300988
300990
300991
300992
300993
300994
300995
300997
300998
300999
301000
301002
301003
301004
301005
301006
301007
301008
301009
301010
301011
301012
301013
301016
301018
301019
301020
301021
301022
301023
301026
301028
301029
301030
301031
301032
301033
301035
301036
301037
301039
301040
301041
301042
301043
301045
301048
301050
301051
301053
301055
301056
301057
301059
301061
301062
301063
301065
301066
301067
301068
301069
301070
301071
301072
301075
301076
301077
301079
301081
301082
301083
301086
301087
301089
301090
301092
301093
301097
301100
301101
301105
301106
301107
301108
301111
301112
301113
301116
301118
301119
301120
301121
301122
301123
301125
301128
301129
301130
301131
301132
301133
301135
301137
301138
301141
301149
301150
301151
301152
301155
301156
301157
301158
301160
301161
301163
301165
301168
301170
301176
301180
301181
301182
301183
301186
301187
301188
301189
301190
301191
301192
301193
301196
301198
301199
301200
301201
301202
301205
301206
301207
301209
301210
301211
301212
301216
301217
301219
301220
301222
301223
301225
301226
301227
301229
301232
301233
301234
301237
301238
301246
301251
301252
301255
301256
301258
301260
301261
301265
301266
301268
301272
301273
301276
301277
301278
301279
301280
301281
301282
301283
301285
301286
301287
301288
301290
301291
301292
301295
301296
301298
301300
301301
301303
301307
301308
301309
301310
301311
301312
301314
301317
301318
301319
301320
301321
301322
301323
301325
301326
301327
301328
301329
301330
301331
301332
301335
301336
301338
301345
301348
301349
301353
301355
301356
301357
301358
301359
301360
301361
301362
301363
301366
301367
301368
301369
301371
301373
301377
301379
301383
301386
301387
301388
301389
301391
301392
301393
301395
301397
301398
301399
301413
301418
301419
301421
301429
301439
301446
301448
301456
301458
301459
301468
301469
301486
301487
301488
301489
301498
301499
301500
301502
301503
301507
301509
301510
301511
301512
301515
301516
301517
301518
301522
301525
301526
301528
301529
301533
301536
301538
301539
301548
301550
301552
301555
301559
301565
301566
301567
301568
301571
301577
301578
301580
301581
301585
301586
301587
301588
301589
301591
301596
301598
301600
301602
301603
301606
301607
301608
301611
301613
301617
301618
301622
301626
301628
301631
430017
430047
430139
430198
430300
430418
430476
430478
430489
430510
430556
430685
430718
600006
600010
600019
600022
600031
600038
600055
600059
600060
600062
600063
600066
600067
600071
600073
600075
600076
600078
600079
600080
600081
600084
600085
600089
600096
600099
600100
600103
600104
600105
600107
600110
600111
600114
600117
600118
600126
600127
600129
600130
600132
600135
600137
600141
600143
600148
600150
600151
600152
600156
600160
600161
600165
600166
600169
600171
600172
600176
600177
600178
600182
600183
600184
600186
600189
600191
600192
600195
600196
600197
600198
600199
600200
600201
600202
600203
600206
600210
600211
600212
600215
600216
600217
600218
600219
600222
600223
600227
600230
600231
600232
600235
600237
600238
600241
600243
600249
600251
600252
600255
600261
600262
600265
600267
600268
600273
600276
600281
600282
600285
600288
600293
600295
600298
600299
600300
600302
600303
600305
600307
600308
600309
600312
600315
600316
600319
600320
600326
600328
600329
600330
600331
600332
600336
600343
600345
600346
600351
600352
600353
600355
600356
600360
600361
600362
600363
600366
600367
600370
600372
600375
600378
600379
600380
600381
600388
600389
600391
600392
600398
600399
600400
600405
600408
600409
600416
600418
600419
600420
600421
600422
600423
600425
600426
600429
600433
600435
600436
600438
600439
600444
600448
600449
600456
600458
600459
600460
600468
600469
600470
600477
600478
600479
600480
600481
600482
600486
600487
600488
600490
600493
600495
600496
600497
600498
600499
600500
600501
600506
600507
600513
600516
600518
600519
600520
600521
600522
600523
600525
600526
600527
600528
600529
600530
600531
600535
600537
600543
600545
600549
600550
600552
600557
600558
600559
600560
600562
600563
600566
600567
600569
600572
600573
600577
600579
600580
600581
600582
600584
600585
600586
600587
600589
600590
600592
600594
600595
600596
600597
600600
600601
600609
600610
600612
600613
600615
600616
600618
600619
600623
600624
600626
600630
600645
600651
600660
600664
600666
600668
600671
600678
600679
600682
600685
600686
600688
600690
600691
600696
600698
600699
600702
600703
600707
600714
600720
600722
600724
600727
600731
600732
600733
600735
600737
600740
600741
600742
600745
600746
600750
600760
600761
600764
600765
600768
600771
600774
600775
600776
600779
600782
600784
600789
600792
600793
600800
600801
600802
600807
600808
600809
600810
600811
600812
600815
600817
600818
600819
600835
600839
600841
600843
600844
600847
600851
600854
600855
600860
600862
600866
600867
600869
600872
600873
600875
600876
600877
600879
600881
600882
600883
600884
600885
600887
600888
600889
600893
600894
600929
600933
600935
600955
600960
600961
600962
600963
600965
600966
600967
600973
600980
600983
600987
600989
600990
600992
600993
600997
601002
601003
601005
601011
601012
601015
601038
601058
601065
601089
601096
601100
601106
601126
601127
601137
601138
601163
601177
601179
601208
601212
601216
601218
601222
601231
601233
601238
601279
601311
601339
601369
601388
601399
601500
601515
601566
601567
601568
601579
601599
601600
601606
601608
601609
601615
601616
601633
601636
601677
601678
601686
601689
601700
601702
601717
601718
601727
601766
601777
601798
601799
601865
601869
601877
601882
601890
601908
601952
601956
601966
601968
601989
601992
601996
603001
603002
603004
603005
603006
603008
603009
603010
603011
603012
603013
603015
603016
603019
603020
603021
603022
603023
603025
603026
603027
603028
603029
603031
603032
603033
603035
603036
603037
603038
603040
603041
603042
603043
603045
603048
603050
603051
603052
603055
603057
603058
603059
603061
603062
603063
603065
603067
603068
603070
603072
603073
603075
603076
603077
603078
603079
603081
603082
603083
603085
603086
603087
603088
603089
603090
603091
603095
603097
603100
603102
603106
603107
603109
603110
603111
603112
603113
603115
603116
603118
603119
603121
603125
603129
603130
603131
603135
603139
603150
603151
603155
603156
603158
603159
603160
603161
603165
603166
603168
603169
603170
603172
603173
603178
603179
603180
603181
603182
603185
603186
603187
603188
603190
603191
603192
603193
603194
603195
603196
603197
603198
603201
603203
603205
603207
603208
603211
603212
603213
603215
603216
603217
603218
603219
603221
603222
603225
603226
603227
603228
603229
603231
603235
603236
603237
603238
603239
603255
603256
603260
603261
603266
603267
603268
603269
603270
603272
603273
603275
603276
603277
603278
603279
603280
603281
603282
603283
603285
603286
603288
603289
603290
603296
603297
603298
603299
603301
603303
603305
603306
603307
603308
603309
603310
603311
603312
603313
603317
603319
603320
603321
603324
603325
603326
603327
603328
603330
603331
603332
603333
603335
603336
603337
603338
603339
603341
603344
603345
603348
603350
603351
603355
603356
603358
603360
603363
603365
603366
603367
603369
603375
603378
603379
603380
603381
603385
603386
603387
603389
603390
603391
603392
603395
603396
603398
603399
603408
603416
603421
603429
603439
603456
603486
603488
603489
603496
603499
603500
603501
603507
603508
603511
603515
603516
603517
603518
603519
603520
603527
603529
603530
603536
603538
603551
603556
603557
603558
603566
603567
603577
603578
603579
603580
603583
603585
603586
603587
603589
603590
603595
603596
603599
603600
603601
603605
603606
603607
603608
603609
603610
603611
603612
603615
603616
603617
603618
603626
603628
603629
603630
603633
603638
603639
603650
603655
603656
603657
603658
603659
603660
603661
603662
603663
603665
603666
603667
603668
603669
603676
603677
603678
603679
603680
603681
603683
603685
603687
603688
603690
603696
603697
603698
603699
603700
603701
603703
603707
603709
603711
603712
603718
603722
603725
603726
603728
603730
603733
603737
603738
603739
603755
603757
603758
603766
603767
603768
603773
603778
603779
603786
603787
603788
603789
603790
603798
603799
603800
603801
603803
603806
603808
603809
603810
603811
603816
603818
603819
603822
603823
603826
603829
603833
603838
603839
603848
603855
603856
603858
603861
603863
603866
603867
603868
603876
603877
603878
603879
603880
603886
603889
603890
603893
603895
603896
603897
603898
603899
603901
603906
603908
603912
603915
603916
603917
603919
603920
603922
603926
603928
603931
603933
603936
603937
603938
603948
603949
603950
603956
603958
603960
603963
603966
603968
603969
603976
603977
603978
603980
603982
603983
603985
603986
603987
603988
603989
603991
603992
603995
603997
603998
605001
605003
605005
605006
605007
605008
605009
605016
605018
605020
605033
605055
605058
605060
605066
605068
605077
605080
605088
605089
605099
605100
605111
605116
605117
605118
605122
605123
605128
605133
605138
605151
605155
605158
605166
605177
605179
605180
605183
605186
605189
605196
605198
605199
605208
605218
605222
605228
605255
605258
605259
605268
605277
605286
605288
605298
605299
605300
605305
605318
605319
605333
605336
605337
605338
605339
605358
605365
605366
605369
605376
605377
605378
605388
605389
605399
605488
605499
605500
605507
605555
605566
605567
605588
605589
688001
688002
688003
688005
688006
688007
688008
688009
688010
688011
688012
688013
688015
688016
688017
688019
688020
688021
688022
688025
688026
688027
688028
688029
688032
688033
688035
688036
688037
688041
688047
688048
688049
688050
688055
688056
688059
688062
688063
688065
688067
688068
688070
688071
688072
688075
688076
688077
688079
688080
688081
688082
688084
688085
688087
688089
688090
688091
688092
688093
688096
688097
688098
688100
688101
688102
688103
688106
688107
688108
688110
688112
688113
688114
688115
688116
688117
688119
688120
688121
688122
688123
688125
688126
688127
688128
688129
688132
688135
688136
688138
688139
688143
688146
688147
688148
688150
688151
688153
688155
688157
688159
688160
688161
688162
688163
688165
688166
688167
688169
688170
688172
688175
688176
688177
688180
688181
688182
688183
688184
688185
688186
688187
688189
688190
688192
688193
688195
688196
688197
688198
688199
688200
688203
688205
688208
688209
688210
688211
688212
688215
688216
688217
688218
688219
688220
688221
688223
688226
688230
688231
688233
688234
688235
688236
688237
688239
688247
688249
688251
688253
688255
688257
688260
688261
688266
688267
688268
688269
688270
688271
688272
688273
688275
688276
688277
688278
688280
688281
688282
688283
688285
688286
688287
688288
688289
688290
688295
688297
688298
688299
688300
688301
688302
688303
688305
688306
688307
688308
688309
688310
688311
688312
688313
688314
688317
688319
688320
688321
688322
688323
688326
688328
688329
688330
688331
688332
688333
688335
688336
688337
688338
688339
688345
688347
688348
688349
688350
688351
688352
688353
688355
688356
688357
688358
688359
688360
688361
688362
688363
688366
688367
688371
688373
688375
688376
688377
688378
688379
688380
688381
688382
688383
688385
688386
688387
688388
688389
688390
688392
688393
688395
688396
688398
688399
688400
688401
688403
688408
688409
688410
688411
688416
688418
688419
688420
688425
688426
688428
688429
688432
688433
688439
688443
688448
688450
688455
688456
688458
688459
688468
688469
688472
688475
688478
688488
688489
688496
688498
688499
688501
688502
688503
688505
688506
688510
688511
688512
688513
688516
688517
688518
688519
688520
688522
688523
688525
688526
688528
688529
688530
688531
688533
688535
688538
688539
688543
688545
688548
688549
688550
688551
688552
688553
688556
688557
688558
688559
688560
688563
688565
688566
688567
688569
688570
688571
688573
688575
688576
688577
688578
688580
688581
688582
688583
688584
688585
688586
688591
688592
688595
688596
688597
688598
688599
688600
688601
688602
688603
688605
688606
688607
688608
688609
688610
688611
688612
688613
688616
688617
688618
688620
688622
688623
688625
688626
688627
688628
688629
688630
688633
688636
688638
688639
688646
688648
688652
688653
688655
688656
688658
688659
688660
688661
688662
688663
688665
688667
688668
688669
688670
688671
688676
688677
688678
688680
688681
688683
688685
688686
688687
688689
688690
688693
688696
688697
688698
688700
688707
688708
688709
688711
688716
688717
688718
688719
688720
688721
688722
688726
688728
688733
688737
688739
688750
688758
688766
688767
688768
688772
688776
688778
688779
688786
688788
688789
688793
688798
688799
688800
688819
688981
689009
830779
830809
830832
830839
830879
830896
830946
830974
831152
831167
831195
831278
831304
831305
831396
831445
831526
831627
831641
831689
831726
831768
831834
831855
831856
831906
831961
832000
832023
832089
832110
832145
832175
832225
832278
832419
832469
832471
832491
832522
832566
832651
832662
832735
832802
832876
832885
832978
832982
833075
833230
833266
833284
833346
833394
833429
833454
833455
833509
833523
833533
833575
833580
833751
833781
833819
833914
833943
834014
834033
834058
834062
834261
834407
834475
834599
834639
834682
834765
834770
834950
835174
835179
835185
835237
835368
835438
835579
835640
835857
835892
835985
836077
836221
836239
836247
836260
836270
836395
836414
836419
836422
836433
836504
836547
836675
836699
836717
836720
836807
836826
836871
836942
836957
836961
837006
837023
837046
837174
837212
837344
837663
837821
838163
838171
838262
838275
838402
838670
838701
838810
838837
838971
839167
839273
839371
839719
839725
839729
839792
839946
870199
870204
870299
870357
870436
870508
870656
870726
870866
870976
871245
871263
871396
871478
871553
871634
871642
871694
871857
871970
871981
872190
872374
872392
872541
872808
872895
872925
872931
873001
873132
873152
873167
873169
873223
873305
873339
873527
873570
873576
873593
873665
873679
873690
873693
873703
873706
873726
873833
900904
900905
900906
900908
900909
900910
900915
900916
900917
900918
900920
900921
900924
900925
900936
900941
900946
900947
920002
920008
920016
920060
920066
920082
920098
920106
920108
920111
920118
920128
000027
000037
000040
000155
000407
000421
000531
000537
000539
000543
000544
000591
000593
000598
000600
000601
000605
000669
000685
000690
000692
000722
000767
000791
000862
000875
000883
000899
000958
000966
000993
001210
001258
001286
001289
001299
001331
001376
001896
002015
002034
002039
002256
002259
002267
002479
002608
002700
002893
002911
003039
003816
200037
200539
300040
300172
300332
300335
300435
301127
600008
600011
600021
600023
600025
600027
600032
600098
600101
600116
600149
600157
600163
600167
600168
600187
600226
600236
600283
600310
600333
600396
600452
600461
600483
600505
600509
600578
600617
600635
600642
600644
600674
600681
600719
600726
600744
600769
600770
600780
600795
600796
600803
600821
600863
600868
600874
600886
600900
600903
600905
600917
600956
600969
600979
600982
600995
601016
601139
601158
601199
601368
601619
601778
601985
601991
603053
603080
603105
603223
603291
603318
603393
603689
603693
603706
603759
603817
605011
605028
605090
605162
605169
605368
605580
831010
900913
900937
900957
000010
000032
000090
000498
000628
000928
001267
002047
002051
002060
002061
002062
002081
002116
002140
002163
002200
002307
002323
002375
002431
002482
002542
002586
002620
002628
002663
002713
002761
002775
002789
002822
002830
002856
002941
002963
002989
003001
300029
300117
300208
300506
300517
300536
300621
300649
300712
300982
301046
301098
301235
600039
600072
600133
600170
600193
600234
600248
600284
600339
600463
600491
600502
600512
600606
600667
600820
600846
600853
600939
600970
601068
601117
601133
601186
601390
601611
601618
601668
601669
601789
601800
601868
601886
603007
603030
603098
603137
603163
603176
603316
603388
603637
603815
603828
603843
603929
603955
603959
605167
605178
605287
605289
605303
605598
830964
000019
000025
000026
000028
000034
000062
000065
000068
000078
000096
000151
000159
000411
000417
000419
000501
000554
000564
000622
000626
000632
000652
000670
000679
000701
000705
000715
000753
000757
000759
000829
000851
000905
000950
000963
001287
001298
001316
002024
002072
002091
002187
002221
002251
002277
002336
002356
002390
002416
002419
002441
002462
002556
002561
002575
002589
002640
002697
002727
002758
002780
002788
002803
002819
002867
002999
200019
200025
200026
200028
300022
300131
300184
300209
300464
300475
300493
300538
300592
300622
300650
300755
300783
300892
300937
300945
300975
301001
301015
301017
301060
301078
301088
301099
301126
301166
301177
301263
301370
301376
301381
301408
301558
600051
600056
600058
600082
600083
600128
600180
600250
600272
600278
600280
600287
600313
600335
600337
600365
600386
600387
600397
600511
600538
600539
600599
600608
600628
600648
600653
600655
600689
600693
600694
600697
600704
600710
600712
600713
600725
600729
600738
600739
600751
600753
600778
600785
600814
600822
600824
600827
600828
600829
600833
600838
600857
600858
600859
600865
600916
600976
600981
600998
601010
601061
601086
601113
601116
601366
601607
601933
603003
603071
603101
603108
603122
603123
603214
603233
603353
603368
603708
603716
603719
603777
603883
603900
603939
603970
605056
605136
605188
605266
605599
832149
838030
900912
900922
900923
900927
900938
900943
000088
000089
000099
000429
000507
000520
000548
000557
000582
000755
000828
000900
001202
001205
001213
001317
001391
001872
001965
002040
002120
002320
002352
002357
002468
002492
002682
002800
002928
002930
200429
201872
300013
300240
300873
600004
600009
600012
600017
600018
600020
600026
600029
600033
600035
600106
600115
600119
600125
600179
600190
600207
600221
600233
600269
600279
600350
600368
600377
600428
600548
600561
600575
600603
600611
600650
600676
600717
600787
600794
600798
600834
600897
601000
601006
601008
601018
601021
601022
601083
601107
601111
601156
601188
601228
601298
601326
601333
601518
601598
601816
601866
601872
601880
601919
601975
603056
603066
603069
603117
603128
603162
603167
603209
603535
603565
603569
603713
603813
603871
603885
603967
605050
833171
872351
900903
900914
900945
900952
000428
000721
002186
002306
301073
600258
600754
601007
605108
900934
000004
000156
000158
000409
000503
000555
000638
000665
000681
000682
000839
000889
000917
000948
000997
002063
002065
002093
002095
002123
002148
002153
002174
002178
002195
002197
002212
002230
002232
002238
002253
002261
002264
002268
002279
002291
002315
002316
002322
002331
002354
002368
002373
002380
002401
002405
002410
002421
002425
002439
002467
002474
002517
002544
002555
002558
002602
002605
002609
002624
002642
002649
002657
002771
002777
002908
002912
002929
002970
002987
002990
003004
003005
003007
003010
003029
300002
300007
300010
300017
300020
300025
300031
300036
300043
300044
300047
300050
300051
300052
300074
300075
300081
300085
300096
300098
300101
300113
300150
300166
300167
300168
300170
300188
300212
300229
300231
300235
300245
300248
300249
300250
300253
300264
300271
300275
300277
300287
300288
300290
300292
300295
300299
300300
300302
300310
300311
300315
300324
300333
300339
300344
300348
300349
300350
300352
300365
300366
300368
300369
300377
300378
300379
300380
300383
300386
300399
300413
300418
300419
300440
300442
300448
300451
300454
300459
300465
300467
300468
300469
300494
300496
300513
300518
300520
300523
300525
300532
300533
300541
300542
300550
300556
300559
300560
300561
300578
300579
300588
300597
300598
300603
300605
300608
300609
300613
300624
300634
300645
300659
300663
300671
300674
300678
300682
300687
300730
300738
300766
300768
300770
300773
300785
300789
300792
300810
300830
300845
300846
300851
300872
300895
300921
300925
300935
300941
300959
300987
300996
301085
301095
301110
301117
301139
301153
301159
301162
301171
301172
301178
301179
301185
301195
301197
301208
301213
301218
301221
301236
301248
301262
301269
301270
301299
301302
301313
301315
301316
301337
301339
301378
301380
301382
301396
301428
301551
301556
301592
301633
430090
430425
430564
600037
600050
600131
600225
600228
600271
600289
600406
600410
600446
600476
600536
600556
600570
600571
600588
600602
600633
600636
600637
600640
600718
600728
600734
600756
600797
600804
600831
600845
600850
600892
600936
600941
600959
600986
600996
601360
601698
601728
601929
603000
603039
603138
603171
603189
603206
603220
603232
603258
603322
603383
603444
603528
603533
603559
603602
603613
603636
603776
603859
603869
603881
603887
603888
603918
603927
603990
605398
688004
688018
688023
688030
688031
688038
688039
688045
688051
688052
688058
688060
688061
688066
688078
688083
688088
688095
688099
688109
688111
688118
688130
688141
688152
688158
688168
688171
688173
688188
688191
688201
688206
688207
688213
688225
688227
688228
688229
688232
688244
688246
688252
688256
688258
688259
688262
688279
688291
688292
688296
688316
688318
688325
688327
688343
688365
688368
688369
688391
688435
688449
688479
688484
688486
688500
688507
688508
688515
688521
688536
688561
688562
688568
688579
688588
688589
688590
688593
688615
688619
688631
688651
688657
688682
688691
688692
688695
688699
688702
688777
688787
830799
831175
831832
832171
833030
834021
834415
835184
835207
835305
835508
835670
837092
837592
837748
838227
838924
839493
839680
839790
872953
873806
900901
900926
920116
000001
000009
000166
000563
000567
000617
000627
000686
000712
000728
000750
000776
000783
000987
001227
001236
002142
002423
002500
002647
002670
002673
002736
002797
002807
002839
002926
002936
002939
002945
002948
002958
002961
002966
300033
300059
300803
600000
600015
600016
600030
600036
600053
600061
600095
600109
600120
600155
600318
600369
600390
600517
600621
600643
600705
600783
600816
600830
600837
600864
600901
600906
600908
600909
600918
600919
600926
600927
600928
600958
600999
601009
601059
601066
601077
601099
601108
601128
601136
601162
601166
601169
601187
601198
601211
601229
601236
601288
601318
601319
601328
601336
601375
601377
601398
601456
601519
601528
601555
601577
601601
601628
601658
601665
601688
601696
601788
601818
601825
601838
601860
601878
601881
601901
601916
601939
601963
601988
601990
601995
601997
601998
603093
603323
000002
000006
000007
000011
000014
000029
000031
000036
000042
000069
000402
000514
000517
000558
000560
000573
000608
000620
000631
000656
000668
000718
000720
000736
000797
000838
000863
000886
000897
000909
000926
000965
001914
001979
002016
002133
002146
002188
002208
002244
002285
002305
002314
002968
200011
200029
300917
600007
600048
600064
600094
600159
600162
600173
600185
600208
600239
600246
600266
600322
600325
600340
600376
600383
600503
600510
600515
600533
600604
600605
600622
600638
600639
600641
600649
600657
600658
600663
600665
600675
600683
600684
600692
600708
600716
600736
600743
600748
600773
600791
600848
600895
601155
601512
601588
603506
900902
900911
900928
900932
900939
900940
000056
000058
000061
000415
000524
000607
000610
000676
000785
000796
000882
000906
000927
001228
002010
002027
002115
002127
002131
002181
002183
002210
002344
002400
002485
002654
002707
002712
002769
002818
002878
002889
002995
200056
200058
300058
300061
300063
300071
300226
300242
300280
300612
300662
300688
300781
300795
300805
300864
300947
301102
301169
600057
600070
600113
600138
600153
600358
600415
600462
600654
600662
600755
600790
600826
600861
600984
601828
601888
603300
603329
603373
603598
603648
603682
603729
603825
603836
605168
837242
900929
000504
000710
000779
000820
002811
002883
002949
002967
003008
003013
003035
300012
300149
300215
300284
300347
300384
300404
300416
300492
300500
300564
300635
300668
300675
300676
300725
300732
300746
300759
300778
300797
300825
300826
300844
300887
300901
300928
300938
300949
300977
300983
300989
301024
301027
301038
301047
301058
301080
301091
301096
301115
301136
301167
301215
301228
301230
301257
301289
301297
301306
301333
301365
301390
301505
301508
301520
301601
600629
600721
601226
601965
603017
603018
603060
603126
603127
603153
603183
603259
603357
603458
603860
603909
688046
688053
688073
688105
688131
688133
688137
688179
688202
688222
688238
688248
688265
688293
688315
688334
688372
688509
688621
688710
831039
833427
833873
836149
836208
836892
871753
873122
920099
000035
000430
000711
000803
000809
000826
000885
000888
000978
001230
002033
002059
002159
002266
002310
002549
002573
002616
002627
002717
002887
002973
003027
300021
300070
300187
300190
300197
300266
300355
300388
300422
300614
300664
300692
300774
300815
300816
300854
300859
300867
300899
300912
300929
300948
300958
300961
301049
301109
301148
301175
301203
301259
301305
301372
301519
600054
600292
600323
600475
600576
600593
600706
600749
601033
601200
601330
601827
603099
603136
603177
603199
603200
603315
603359
603568
603588
603686
603797
603903
605069
605081
688057
688069
688156
688178
688370
688466
688480
688485
688679
688701
831370
836263
900942
300736
000526
002607
002659
003032
300192
300338
300359
600455
600661
600730
603377
605098
000516
000615
002044
002172
002173
002219
002524
002622
300015
300143
300244
301103
301239
301267
301293
600327
600568
600763
603882
000719
000793
000802
000892
001330
002343
002739
002858
002905
300027
300133
300144
300148
300182
300251
300291
300364
300426
300528
300654
300788
300860
301025
301052
301231
600052
600088
600136
600158
600229
600373
600551
600715
600757
600825
600880
600977
601019
601098
601595
601801
601811
601858
601900
601921
601928
601949
601999
603096
603103
603230
603466
603721
603999
605577
000532
000609
000833
600620
600673
600805