200761
688517
301089
688175
300786
300397
688226
300497
300916
836208
603956
300854
002761
603966
002905
300491
688309
603615
002827
300646
603199
603279
300398
603269
300609
601012
603801
603225
300763
301185
301238
300343
688107
301180
833751
300589
300956
002777
603171
688588
300812
900903
688418
688288
601225
002833
688589
603588
300650
600136
605177
688091
603822
300584
301317
301219
002618
301235
605011
832000
600723
688766
002688
603017
300205
688060
002664
002937
300415
688011
832978
300591
600935
002797
301139
300775
688776
605001
605118
603690
601279
603869
688168
832089
688258
603200
605068
688420
300711
300029
300569
688123
688555
002005
605319
603656
603699
834639
603215
001255
689009
300522
301091
301280
603320
603056
603378
688246
002940
300938
300901
301318
301087
603286
688728
601388
873690
603722
603551
300521
601086
603045
688170
301365
001299
603095
300982
603866
603718
603968
603992
603700
605186
603081
301160
300724
002677
603696
605169
603605
834415
002676
600788
603173
688439
300978
300899
688613
002024
001336
300740
301168
603195
301045
900955
003020
603861
600087
603955
605507
000916
002768
300499
603826
301296
300638
301263
301211
430017
605259
603336
300519
300462
000863
830779
300674
301053
600599
300374
300618
300826
600654
688593
300853
300350
300558
002809
300309
603613
002962
300692
605289
688686
001360
300838
301190
688469
300515
605151
002721
002671
688159
834021
688466
001210
688690
900932
900928
300202
301178
600917
300658
600253
603917
603063
301015
605499
300529
002841
300797
001269
002087
300712
002726
300871
002737
688215
688381
603163
003006
603379
300416
600093
603317
835579
603222
688618
300528
301196
300441
300693
002929
002956
002687
301302
605388
002936
603505
300779
002979
688661
001209
300738
603266
688358
603709
300463
603679
301356
831641
301209
300750
300364
900912
300268
605188
300656
300474
002933
301327
002980
300907
300990
301003
605183
900927
603197
001301
301306
688581
605167
688217
300563
688197
603333
301390
300670
836419
001286
300987
301113
301361
688223
688459
002971
301036
830799
300967
832419
002791
832786
603759
688158
301377
601399
603066
603629
603980
688041
002667
603105
688191
301339
300981
301122
300910
603000
603396
603088
688262
002869
688207
603898
835174
603655
300647
002885
003007
603085
688435
836826
002775
300311
002906
603322
830946
605180
688003
601236
002711
001298
002698
603077
605318
688203
600311
603879
688135
688031
002923
688779
832982
300579
301300
002972
002690
300732
002709
300404
000022
603227
603386
301000
688325
603185
603899
603567
300928
002785
600086
002751
900942
688349
002668
603569
301349
688282
300373
301110
603818
688199
300643
603590
300767
300576
001259
301195
605299
688218
603969
002917
603500
002722
600687
002779
603037
002946
300875
688039
601615
601268
300379
603223
301081
688281
688339
301095
603948
301082
002995
688320
605033
688126
603976
688598
001256
002921
300340
688351
200539
300485
603628
002879
000976
300860
688371
600614
836699
300439
300573
301097
603863
688027
603688
601811
002447
300510
301167
300336
688025
000005
430090
300892
605050
300662
300707
002482
002927
603180
603843
002745
688249
688609
688389
688233
603268
301010
605069
300687
688503
300326
830964
900938
603311
300607
300984
601728
688322
002781
001278
603328
300484
603238
300868
002993
600701
601121
301099
688536
301419
300992
000662
300434
831689
900917
603601
605300
300805
301355
688008
603348
300698
001319
002789
300703
605258
603018
301218
601860
688002
300550
833230
000839
688297
300769
688301
301301
301311
000564
300669
300862
200018
300411
301032
688155
301169
605368
603728
688195
605303
300578
002868
000831
002811
301237
002895
301078
688093
688577
831305
600955
301259
601163
603191
603933
300412
000681
300973
603786
688006
600543
002856
688016
688081
003043
603599
300333
301279
603990
605089
605166
301236
688230
688146
300297
301316
001338
300512
301220
603261
836433
900937
300980
688095
300601
301060
603259
836221
300458
601689
600927
603836
688787
300721
301191
833819
430556
001914
835207
603136
300932
002925
301276
002772
200553
002727
301031
688682
300847
688586
301117
688507
603258
603697
688137
688337
002913
300822
688192
300886
600666
002920
300487
301266
603220
603903
002706
300096
603308
300554
300409
688102
688399
002842
300694
601500
300879
605288
002712
200770
688015
002963
603366
300995
301305
301075
300717
301001
603823
300642
300813
002867
300575
300682
603167
603399
603659
605122
603016
835892
002776
300216
003000
300304
600698
000757
002433
300659
600938
603825
300437
603557
601089
300598
300324
002675
300631
002682
603083
603129
603888
300433
603486
836149
300546
301312
002815
301368
603777
300918
002901
002738
837092
833171
603737
300706
688051
301030
300422
300337
688122
301258
688052
002701
603001
002710
300542
600260
001337
600518
688157
300301
688489
300410
605196
688516
688162
835184
200037
603929
603665
603978
001226
603906
601686
001205
688327
601997
837403
002948
301322
688117
605111
300453
603170
301234
688009
688058
688566
300518
000502
688739
300590
301323
000018
300864
603685
300629
300791
603733
688305
601015
003038
002846
300620
688005
300551
300549
831087
300509
603212
603738
603090
605128
688332
300810
300793
603023
002877
603657
301018
000023
603356
603313
300313
600365
688165
601136
300966
600672
605123
002683
603351
603298
688028
603829
000669
603383
603260
603519
603960
688338
688366
873001
300555
301396
002880
300104
300585
603277
002996
688211
603319
600265
002586
600303
688222
603290
688026
002694
300761
688004
002309
301048
300469
300366
300060
300843
603667
000787
688665
688326
002847
300320
301039
836247
300506
300678
300766
603159
301102
688363
300945
301267
300710
002763
603589
300809
605577
900915
300770
688161
605277
688169
688697
600671
872895
688786
601916
603213
200058
603182
300996
688556
301183
688213
300614
688234
301105
603228
603181
603868
300438
688193
002951
300730
603019
688515
301283
603355
831445
300090
833533
605108
603860
605028
002942
603097
605179
603283
300356
300362
301038
836807
688552
300300
002719
300603
301035
600926
836422
301255
601020
603885
001373
600680
300561
603556
301217
003016
001282
603237
900905
833914
603566
688219
002893
603817
688299
688065
900947
301175
300807
603367
300425
600710
605369
688660
003017
832885
002825
002988
603127
300781
688580
600608
601816
603568
001218
002975
603115
300354
688711
688141
300560
301051
688596
603963
605266
688772
301148
001267
688231
603828
873527
301297
688658
001872
605116
300570
300808
300889
603488
603113
834058
001258
300378
300997
831396
301050
603057
603527
688656
300673
300718
600804
300909
002957
002816
301132
688129
300353
831152
300756
688128
688160
200488
300361
002693
605588
430300
603135
300994
001217
003036
301358
603529
688119
300351
603226
603650
003027
605567
605365
603137
688350
603806
300772
688053
688270
688255
688718
603660
002680
688500
002564
300701
603139
300697
001287
603316
688793
300414
601068
688667
603996
605058
831370
603997
688678
002983
300788
603683
688179
301285
300408
601206
002728
601108
834033
300468
301332
300392
603713
688111
688375
300800
300913
688432
688202
688380
001313
300418
603499
002502
601838
300504
873570
003021
688687
300636
301338
603009
603729
603949
688373
834682
600709
000043
300856
688416
600556
300705
200012
301182
300815
601069
603042
300796
601985
688056
002739
603908
601211
001207
688237
000950
603359
688033
301439
001219
002686
601238
601828
603416
301009
830974
603183
300951
688578
002918
301016
688178
872541
003026
002860
605336
688360
603070
603999
603989
300806
603096
834950
688310
200429
301156
300385
300760
000748
002569
300567
605580
601990
300666
600117
603027
688669
688733
300582
603166
200024
301162
605389
000751
002859
837212
688087
603360
603026
603032
688229
300606
000511
300588
600933
301023
301203
200028
300689
605138
688143
300347
301118
601963
688639
301002
003013
603305
831010
688020
300348
603937
603255
603380
603787
300865
300958
603790
002157
301126
300963
832662
688244
603855
605162
002952
688372
301158
601038
300688
688022
688090
688567
688205
688112
002792
002717
300819
600625
688032
688148
603606
688151
003003
300961
300605
600908
836871
688448
002881
688383
002679
300661
301386
605168
688388
300644
603100
300634
430476
000155
300690
002961
301107
002684
002941
000587
300681
900922
301116
603117
301399
300684
603477
002762
603387
600670
301042
601595
001308
300455
300480
300580
601339
601975
603985
601869
002485
900910
301056
601228
688800
300431
300824
002943
300310
300979
603408
600175
839792
300912
301149
603330
600936
688321
603162
300823
603103
688378
002672
200513
000889
688057
300294
833394
600289
300834
002907
301206
605555
688479
002450
603053
003042
603815
002968
688778
873132
003030
605296
300876
833284
002886
300895
688597
830809
836675
300451
002910
301133
873593
000007
300816
605378
688478
300363
600956
688109
688133
603533
301077
688265
300186
300530
603516
300538
873806
301071
300749
001300
603508
300657
000613
603010
688292
002855
831526
605189
688408
300720
688212
688336
688539
603321
688319
002826
605268
200025
688623
835508
300424
002851
300548
605008
300323
688501
301165
605077
603161
300774
603779
688679
300964
301199
000939
300950
300728
002819
301383
001324
000556
600530
688628
900941
900924
300841
688328
688475
003002
002883
301230
688285
301389
301246
300820
603291
603958
605081
688455
603339
836395
837174
688290
688127
300715
301100
603051
002822
300900
600247
688361
601881
603365
300335
601577
000692
430510
300317
833873
002953
688606
600270
002695
300595
003004
002604
301068
603712
688393
000697
688271
688189
601226
300877
900925
688153
002689
300683
600387
002691
002793
001206
600747
688571
603123
832145
002766
600919
833455
688377
831834
002817
688256
603799
688356
900945
603439
688611
300564
833030
601568
300209
300872
002852
603093
301212
832469
831304
688150
300976
601608
301024
000535
300988
688201
605090
300450
603008
688185
001339
300869
300969
834475
002991
300572
301101
603006
300850
601059
002592
831278
300696
000711
601696
688688
300785
002808
002965
301353
600817
603155
603565
603335
603616
688293
300933
300751
301387
603611
003035
603701
688425
002887
003022
600968
688562
688707
300420
002805
002911
300818
603208
600941
603727
301061
002774
300457
603979
002760
603326
688331
605003
603086
603073
601598
300413
301223
300925
603039
003040
002955
830879
001211
300597
688330
603011
603889
688559
603282
603816
002928
688125
603927
300627
603058
603708
601198
300540
688085
605599
833429
300108
001260
300525
603035
605589
301008
603617
603896
300708
600891
688071
603967
688352
688601
002713
688311
002813
300440
603079
870656
688100
605155
600032
301127
300449
603669
300999
603986
300866
600901
603813
002982
836547
301216
688410
600856
002896
831175
688114
830832
601066
300396
301066
001330
600462
002259
300341
300829
688526
603950
300729
003032
301360
688472
300911
200468
603153
002715
200045
300777
601952
300842
603121
300780
603797
301155
603176
603219
688063
300596
600092
603995
688186
603867
830839
603638
301063
603991
688315
301193
603926
833509
002919
300532
603839
002748
300953
300346
300387
002767
301260
301027
300616
300757
603036
900935
600065
603015
603858
002663
688768
300752
688590
301205
603214
603324
603586
603206
300325
300970
688619
301307
000594
900934
603217
601019
603055
002669
300795
430685
600385
603338
002718
300679
603272
603721
300314
601858
605199
835857
003028
002909
002802
600139
688535
300894
003037
301188
833266
603998
301213
833943
002832
688171
832171
002899
833075
605566
900916
833994
300471
601299
603535
301159
603856
200413
688499
900923
002882
600878
301088
301137
601298
200168
688010
200056
300390
301388
603882
300593
002803
002831
002949
300936
300365
300737
300915
300993
603838
603876
301229
003039
603177
603302
300533
603915
001311
603377
603725
600929
300825
300475
688089
603122
301278
301046
000038
301366
300835
001322
300536
603301
688177
603160
003012
300386
300296
688098
300908
688529
871970
873152
605358
300917
688080
002966
003005
002821
605178
900909
000909
301408
603922
603580
688511
688696
301273
300814
836263
301059
603216
002812
300328
603626
603886
200570
300885
603130
688035
300541
301226
603938
000995
430425
000615
603819
200613
688050
300517
603110
603517
603337
688386
301281
603303
301187
200581
688147
688496
688505
300884
601512
688268
300375
835438
300817
300668
001223
834062
300577
301109
000622
300931
001230
300663
603603
603309
003015
000046
688036
688488
300327
600286
002892
300447
301037
688655
300878
688390
000621
688519
000498
836260
001314
601606
603398
603218
688181
301256
831195
300832
688225
605287
603331
688400
002746
300495
300466
002736
300511
600991
300903
300840
300959
835185
601558
603421
300675
301058
301153
001266
688259
688079
834599
603099
603711
001366
300581
300478
688062
833427
603698
002820
301157
300315
300700
002876
688279
688565
603800
002888
301163
688012
900914
430139
300377
603076
002932
300423
300962
301129
300789
603229
603666
300896
603682
002769
300765
600813
601878
688522
688698
002725
603630
000033
601065
300539
300611
002086
688306
833580
002200
301049
002871
002756
603111
688113
002916
002837
605080
300617
300613
688700
831167
301336
688156
601658
603358
688636
301337
002838
300845
688621
688561
603041
300677
900930
301006
688289
688560
835305
600025
000780
300481
300527
301330
301012
301380
603618
300352
300531
837023
300476
688329
831855
688084
603677
300393
002705
300846
002903
300426
002835
300742
301268
002967
300735
002801
002659
300836
603687
002799
300292
603612
688007
601330
832876
001333
688456
688575
600568
002790
301096
300490
300526
300926
300428
300619
300023
301207
688767
688622
430564
300645
300632
300391
300467
002699
002735
301019
300400
603983
605020
001202
600916
301152
833346
688553
301331
603052
605007
605488
603307
603648
300602
603703
837663
300857
301135
300383
300986
831906
200029
301299
603012
300665
300038
300535
603189
301098
002999
688190
601665
603739
301151
688106
300855
835237
873833
601619
300655
300897
600989
603369
300547
688335
001212
300863
603456
603102
200030
002674
601827
300741
001227
603108
603327
603393
601021
300723
002806
301298
000687
300562
300727
688078
688689
002878
002755
688048
603132
002973
001234
000752
603022
688172
301041
430418
688357
002848
002898
002619
600074
603789
200019
002912
688247
002830
603916
688600
000629
688266
603030
300637
300640
300713
301065
600375
601969
603332
603681
688608
300376
000996
301357
603068
301026
301076
301192
300496
300837
688276
603069
688038
688236
603151
003019
002765
603007
300552
301017
688200
301052
688595
300436
688401
837242
301359
002889
002147
301083
300755
688498
300583
688055
873576
000672
603003
300448
300633
300881
000024
300338
600209
300983
002660
603596
000657
300344
605338
603029
688047
300920
603080
301208
834261
301320
300733
603236
002070
002850
002891
300639
688819
688252
830896
301326
603211
603353
688521
605298
688685
300456
603150
900919
834407
601995
688208
600890
603936
000688
002862
603583
300370
688798
600677
873693
601313
688018
688238
688287
300725
900902
688072
300432
603918
603087
603901
002865
603768
300799
200002
688260
832175
300861
688633
688579
301138
000820
300372
002473
605117
688599
600996
603109
603719
002758
003001
002922
688061
300357
601326
002818
300947
300652
002977
300759
688676
300470
831726
872953
600823
688617
603706
688981
301106
688101
603299
605377
300975
603235
603157
603230
201872
000156
300747
603559
603368
300322
603848
000971
301080
600240
301198
600146
603169
832317
300739
300919
873665
688484
605208
603061
603501
300586
200521
300955
200541
002770
836892
603536
300898
300991
002938
603776
688509
833523
688066
605060
600977
002823
300957
603116
688030
600695
300626
300873
601609
688049
688232
002723
300514
301121
300417
603300
300660
300307
301248
839719
688184
200039
601528
688683
301025
603385
300801
900921
001368
301222
688403
600432
603755
002845
300686
900926
603050
900920
300972
605222
900943
300559
000730
605133
300888
301120
300608
600078
688523
832225
605056
301201
603089
300421
688196
688680
601162
688355
301020
603178
300922
301043
900901
301398
603767
301166
002787
000520
300492
603678
603131
603663
003008
300442
300798
301085
301176
836720
001270
301130
688468
900907
001323
002778
837046
688110
002795
600401
002697
603689
002665
688097
001228
300565
603297
688019
605100
839790
605366
603878
300676
836270
300520
000796
301112
001367
600634
002960
688568
301227
300783
603040
301309
002740
002796
603579
603507
300305
603345
301239
301057
300802
300319
301004
688295
200625
300460
000611
688017
300635
688307
603726
688198
900904
301215
300405
688206
300010
601138
301378
603506
301021
002945
300156
001208
600112
002866
301055
002714
200550
688046
688382
301029
300790
600005
603186
301092
603318
200017
300167
603392
603636
688387
688788
601128
688345
002897
603188
688286
600903
605136
301288
300630
300709
300369
603558
300321
300303
688291
603887
605398
300505
835368
688510
605255
300940
301047
688069
688216
688409
603021
300623
300406
301314
301269
600647
300902
601077
688616
300028
430047
605337
688343
603610
000545
835985
300523
300388
839371
603890
200530
688677
300282
688303
002989
835640
832491
000405
002849
300489
301428
601229
603881
002506
688228
688701
603187
300367
300848
688152
605339
688663
001236
301200
300604
603071
603668
603609
603811
688257
001316
300380
301123
832110
835670
900908
002724
301391
688083
002969
300349
300753
301363
688209
688670
836239
300624
600906
601212
300446
301131
300543
688180
300612
001231
301335
002783
002707
000585
603931
300927
838837
603106
605006
603959
603209
001268
603716
600978
688313
603895
300773
601900
836504
601200
688280
603919
603196
300960
605009
688607
688130
603993
688392
603530
688428
688391
002753
688314
900952
603281
301119
002786
836957
300316
688166
603676
605158
603101
300870
000765
300359
300464
603156
600705
300811
832522
688296
300833
603809
300844
301333
605218
301150
003018
002670
900933
831768
688251
301310
300649
600806
300371
832735
300771
002251
300615
301328
600918
688396
603002
688513
300557
603773
603065
002998
600959
603900
601965
003010
300921
300985
300719
002829
300762
300906
603179
603555
002828
833575
301257
002747
300556
688278
300494
603880
002260
300622
832149
300695
300939
301067
603859
002970
300483
300941
002730
688312
603038
688300
002810
688398
300430
900911
300792
603098
603788
600905
300312
300479
603988
300893
300821
300493
601611
603871
003033
688120
300537
603288
688538
603458
688520
837592
605005
001317
605500
688298
301033
002490
300334
688045
300946
688525
603662
688659
601921
601061
688023
300345
000525
605376
688630
300891
300625
002872
300444
002900
688182
603165
833874
688570
688789
688132
001332
688136
688235
605333
688037
605055
300516
600102
002902
603020
688485
301108
605286
688317
600958
688076
688323
603329
688167
300534
688173
002734
001328
300427
301429
002696
002359
002939
603808
688086
688353
002840
300849
688308
300473
688502
688506
832471
603232
300930
605228
300621
000979
600306
301345
600610
688275
300923
688239
601156
300306
688458
831961
688668
300998
688569
300486
300883
002984
300331
603515
873726
603466
003023
603757
301069
605018
300699
603511
300968
603060
834765
300867
002658
688486
688362
002782
300553
688626
300592
300419
603267
603577
000637
603600
300743
603133
300830
000416
603897
300726
832566
002836
301197
300768
002750
002915
002741
601882
300671
001331
300472
300722
300937
605066
688118
688662
003009
688068
002861
301161
301177
002930
688480
603158
688681
603912
603201
603607
688508
688558
002890
200055
688077
002289
000760
603005
002678
688277
301221
688333
603028
200026
301265
600291
200020
603390
873703
301282
301079
001380
601127
605086
300803
300859
300384
601366
600849
688551
001222
831627
603239
688557
900913
688103
600091
603128
601187
603444
300664
603538
688082
300429
603233
300731
603977
300746
688248
605305
600589
000670
300948
688531
300389
603693
603680
300929
603939
301111
900940
603686
300399
600455
603033
300293
601319
603138
832278
300887
002990
688370
002759
688116
603987
001215
002873
002657
601456
601702
900946
601865
003031
688221
300965
603608
603661
300858
603125
870976
839273
873706
688088
601966
002950
300482
605016
835179
002661
200596
300852
601956
900950
688799
605099
300610
603112
603766
301141
301125
600317
688379
002708
603256
603707
688533
300599
301325
688576
600070
688722
600909
300477
300220
300782
603595
603602
688550
900918
603982
002729
001283
300461
300685
001225
301231
300332
600766
600396
603833
688777
872351
300403
603059
870726
603758
300628
688115
601698
300702
002499
001296
603198
873679
002656
603585
300401
002732
002052
200505
301128
603496
001288
688073
688737
000792
688188
603518
002931
603578
003011
603717
688139
688001
871263
688585
301028
301090
603203
002978
601022
300502
603920
301179
603190
300594
002731
688121
301189
002981
301086
300748
002947
300445
600652
002021
603928
300787
831832
603883
002926
002863
688099
002703
200869
603619
603323
000562
300882
688419
688059
301233
301379
300394
688013
001213
601968
300778
001216
603043
900936
300758
688096
688176
300828
002858
301005
836414
200022
000584
837006
688269
300465
688385
002800
600263
834770
002720
831856
300459
603289
300600
300890
300329
300295
836942
003025
688075
300358
688376
300566
001203
001235
002771
300905
603280
002749
605198
301171
601368
603221
688108
002702
300443
000403
003816
688092
301062
300880
603637
301369
300831
002870
000003
871694
688512
688273
600090
688187
301382
300407
301289
430478
200725
605399
688131
600732
603315
430489
603598
301319
000527
603778
603810
300330
301070
430718
603192
301022
002773
300513
002685
000805
603633
872808
300381
301073
301313
301186
603388
301321
300507
605098
688528
836717
688070
836961
002824
300641
300360
300691
600928
688272
301072
603357
688368
688283
300942
300736
002908
300298
300977
300653
688210
603520
600925
301270
601778
900906
603048
688067
002976
688183
832802
002743
603489
838701
300500
300339
832651
834014
003041
002986
301013
603389
002959
688699
831039
002987
300508
601016
300452
300503
837748
200418
002884
688433
600656
002864
300488
002733
603168
002985
688261
300971
688365
300382
300654
603803
001238
300368
002780
301308
002788
200011
430198
300680
300667
002853
688318
002875
688359
002662
002681
688395
002742
833454
603893
300402
300943
002839
301181
000693
603639
833781
603126
871478
002843
002752
688518
000675
002666
301277
603658
002013
688316
603877
003029
300395
301007
601949
301093
688367
002935
601579
300435
300827
300989
300851
300342
300571
603067
688369
600485
603730
605598
001229
601825
000722
301252
002857
300308
301136
688348
002692
603429
301290
603970
688105
300545
603278
001309
688138
688426
002700
603078
603306
300952
688253
836077
301115
688021
300949
300651
688267
002716
301011
301040
301373
001201
600275
300776
603528
300648
600145
300745
601375
605088
300568
600939
300355
001318
601133
603909
688302
300935
688029
832023
300716
301367
688220
002992
002958
300839
603118
603798
839493
300501
301228
301103
300454
300587
873167
601360
002807
301303
688163
300672
603363
688625
200016
002997
603013
603025
200726
301293
600759
002757
603031
002798
603587
603172
002673
688227